637, 589
637, 587
637, 586
637, 584
637, 582
637, 581
638, 579
638, 579
639, 578
641, 577
642, 577
643, 577
645, 576
648, 577
648, 578
650, 579
650, 580
651, 582
651, 584
651, 588
652, 591
652, 592
651, 586
652, 590
651, 594
650, 597
650, 597
650, 597
649, 598
648, 600
648, 600
648, 601
647, 602
646, 603
646, 604
645, 606
645, 606
645, 607
644, 608
643, 610
643, 611
643, 612
643, 614
643, 615
642, 619
642, 620
643, 620
645, 619
646, 619
647, 619
648, 619
650, 619
651, 619
652, 619
653, 618
654, 619
655, 619
655, 619
656, 619
