638, 586
637, 585
637, 584
637, 583
637, 581
637, 580
638, 579
639, 578
640, 577
641, 577
643, 577
644, 576
645, 576
646, 577
647, 578
649, 580
649, 581
650, 582
650, 584
650, 585
650, 587
650, 590
650, 591
649, 592
648, 594
647, 595
646, 595
645, 595
643, 596
642, 596
644, 596
647, 597
647, 597
649, 597
649, 597
650, 597
651, 598
652, 599
652, 600
653, 602
654, 605
654, 606
654, 607
654, 610
654, 610
654, 612
654, 613
654, 615
654, 616
654, 617
653, 618
651, 619
650, 620
648, 620
646, 620
644, 619
643, 618
643, 617
642, 616
641, 614
641, 612
640, 610
641, 609
