651, 585
651, 584
650, 582
650, 580
649, 578
648, 578
647, 577
645, 576
644, 576
642, 576
640, 577
639, 578
639, 580
638, 582
638, 585
639, 587
639, 591
639, 595
639, 597
639, 598
640, 600
640, 603
640, 605
640, 607
639, 593
640, 608
641, 610
641, 611
641, 613
642, 614
643, 618
644, 618
645, 619
647, 620
649, 620
651, 620
652, 619
653, 617
654, 614
654, 613
654, 611
654, 609
654, 607
654, 605
653, 602
653, 601
652, 599
652, 597
651, 596
649, 595
648, 595
647, 595
646, 595
644, 596
642, 597
640, 599
641, 600
