644, 577
642, 576
641, 576
640, 576
640, 578
639, 578
639, 580
638, 581
638, 583
638, 585
638, 587
638, 588
639, 590
639, 592
639, 594
639, 595
640, 597
640, 598
641, 600
641, 601
643, 601
645, 601
647, 600
648, 600
650, 598
651, 597
652, 595
652, 593
651, 590
651, 589
651, 587
651, 586
651, 584
650, 582
650, 580
649, 578
648, 578
648, 577
647, 577
646, 577
651, 597
652, 599
653, 600
653, 602
653, 604
654, 606
654, 608
654, 612
654, 613
654, 614
653, 618
653, 618
652, 618
650, 619
649, 619
647, 619
645, 618
643, 618
643, 617
642, 614
642, 613
642, 612
641, 610
