645, 573
643, 573
643, 573
642, 573
639, 573
638, 575
637, 576
637, 578
638, 581
638, 583
637, 585
637, 588
637, 590
637, 591
638, 592
639, 595
639, 598
639, 599
639, 601
640, 603
640, 605
640, 607
641, 609
641, 610
641, 611
641, 612
643, 614
644, 615
645, 616
648, 616
651, 616
652, 615
653, 614
653, 612
654, 610
654, 606
654, 604
653, 602
653, 601
653, 599
653, 598
652, 596
652, 594
652, 593
652, 592
652, 589
652, 587
651, 585
651, 584
650, 582
650, 580
649, 578
648, 574
648, 574
647, 573
647, 617
648, 617
649, 618
649, 619
649, 620
649, 621
649, 621
649, 622
650, 623
650, 623
651, 624
652, 624
653, 624
653, 624
654, 623
656, 624
